855
59 349
9 6
644 48
4 7
546 35
338 677
86 193
684 165
74 363
700 495
159 55
38 60
588 364
846 602
681 284
679 380
29 43
445 703
691 26
651 332
106 56
311 364
429 149
498 5
646 181
10 28
182 2
20 732
532 626
319 550
24 133
12 82
118 555
303 690
683 497
390 153
491 119
418 368
283 56
212 77
518 535
367 394
111 46
11 9
727 263
99 518
523 355
28 510
664 363
650 17
110 533
445 58
494 218
416 472
660 697
760 541
185 712
407 351
185 617
305 90
162 736
473 286
277 89
192 206
540 185
118 210
227 179
93 2
437 226
213 18
87 203
563 34
19 488
339 164
455 622
109 171
340 378
493 89
70 83
832 474
499 673
128 19
821 736
124 312
592 486
511 386
289 501
630 509
41 123
479 475
2 3
266 659
848 501
303 399
143 468
577 707
351 304
359 33
92 105
418 706
729 222
376 327
163 791
159 208
640 22
121 240
547 339
318 171
320 344
648 105
96 596
94 652
167 757
570 309
190 785
84 134
313 496
218 580
173 135
555 793
721 555
95 534
621 779
467 241
122 194
701 407
86 336
212 720
236 208
372 366
584 235
112 354
254 262
229 20
275 32
241 321
538 564
245 545
22 2
45 44
41 126
121 199
264 474
18 1
148 105
187 299
552 539
14 40
524 316
774 76
599 789
346 343
32 25
315 715
813 283
460 430
441 236
831 109
255 220
298 94
187 8
280 238
67 7
489 607
657 366
792 698
794 707
100 738
244 114
77 155
632 387
13 8
311 661
207 90
166 83
364 548
509 23
101 26
265 586
433 367
508 397
260 243
99 281
224 20
230 237
393 444
76 222
233 301
119 453
17 14
61 24
11 102
23 88
722 171
385 129
242 119
852 370
78 108
77 140
463 750
29 492
94 91
624 141
576 442
330 127
258 506
226 276
15 33
55 230
116 575
218 436
297 288
81 416
201 315
69 16
164 135
152 180
86 64
48 151
87 125
266 75
282 149
730 55
34 763
13 98
634 515
362 72
88 127
77 233
6 39
90 745
86 802
530 437
636 639
811 244
350 422
434 311
381 371
471 807
47 338
238 290
489 801
773 171
637 402
309 61
168 118
115 112
500 610
655 248
119 560
489 254
69 539
216 105
666 340
371 156
65 80
192 165
122 308
229 735
800 640
426 254
105 139
384 643
844 713
717 265
543 361
361 205
32 278
613 474
487 476
613 837
32 44
87 141
270 313
828 45
118 250
376 553
411 110
313 519
34 512
200 810
25 770
502 170
314 199
410 366
135 215
370 114
19 30
327 88
56 12
758 368
491 805
439 360
725 548
37 200
366 85
179 27
34 73
116 401
369 269
155 353
186 295
776 651
404 521
263 408
389 665
798 413
316 139
427 240
68 1
221 348
384 619
32 343
413 143
739 463
627 199
587 9
139 270
324 178
780 602
27 304
758 777
31 13
139 341
761 395
284 54
158 699
163 623
276 507
51 59
731 126
142 64
30 526
358 56
528 63
700 766
172 10
404 469
3 74
49 1
843 274
737 41
373 342
375 561
449 85
838 120
67 234
245 2
812 59
803 176
583 125
56 114
27 185
365 68
57 204
625 325
715 817
46 154
9 462
631 109
406 268
417 28
581 48
432 833
1 2
205 268
177 716
4 311
53 17
270 452
189 28
99 113
202 131
323 96
605 450
285 189
84 396
193 653
519 768
202 211
45 81
109 77
764 816
522 243
559 31
326 108
8 79
842 798
771 291
347 251
451 253
4 455
4 3
310 3
54 44
594 79
293 335
99 175
96 91
87 54
556 280
445 466
767 425
484 38
119 37
271 67
228 224
336 450
523 616
409 58
232 243
35 183
636 316
806 809
662 709
560 638
558 481
275 307
37 34
772 287
456 251
205 723
262 797
168 577
527 332
227 740
343 799
573 612
160 231
308 458
393 153
7 8
405 23
604 781
201 6
423 279
595 401
34 360
21 541
565 456
269 52
118 89
847 762
92 83
850 815
476 47
694 468
461 775
302 579
24 20
92 600
568 818
756 279
224 258
55 19
194 267
289 208
72 55
251 80
851 26
52 19
228 395
703 742
273 235
195 127
141 386
214 21
531 115
160 782
239 217
17 41
150 80
35 15
567 192
612 762
371 537
836 604
153 291
179 196
129 190
82 726
430 362
259 54
655 814
27 21
70 35
142 459
362 733
94 414
161 34
820 73
265 56
18 163
274 258
566 559
63 77
60 63
388 601
504 84
196 682
78 45
20 678
578 455
184 795
421 137
465 620
294 500
689 433
8 332
428 273
23 226
16 19
71 117
278 513
97 33
755 321
156 384
499 702
203 293
670 743
287 839
294 63
676 408
432 418
13 25
314 388
822 83
698 808
39 75
79 120
220 320
276 778
213 238
710 70
136 475
195 352
783 732
146 23
267 520
53 286
289 675
536 236
313 404
573 629
37 264
1 5
59 713
99 254
457 662
616 719
76 50
827 797
663 581
216 225
497 796
744 50
428 554
402 490
823 389
110 19
260 696
23 174
15 84
591 179
64 135
7 12
635 470
585 206
815 722
481 59
440 688
178 125
669 633
413 461
58 668
390 477
443 439
130 249
529 645
551 493
156 37
170 81
57 435
107 6
14 8
95 58
608 88
195 333
357 397
114 747
447 20
71 529
670 567
131 4
45 104
169 748
608 825
98 328
611 149
686 593
165 101
835 170
216 302
103 219
116 40
806 689
589 63
38 672
381 440
692 580
18 129
582 336
59 90
103 1
345 42
471 162
41 65
845 247
330 514
245 687
672 728
59 517
356 334
641 23
48 380
824 141
549 316
174 829
380 590
340 84
647 76
544 406
177 67
129 169
220 152
199 606
569 148
826 448
198 179
234 470
552 633
331 103
34 375
393 420
497 603
395 483
249 306
23 247
204 261
373 478
568 73
574 751
593 484
16 402
512 572
753 60
322 119
66 51
26 223
249 503
372 505
72 329
62 6
75 130
574 718
141 695
323 334
205 56
6 36
403 237
593 660
50 47
834 755
525 323
764 499
100 31
188 257
182 248
855 105
687 714
754 387
305 457
724 381
219 279
392 241
263 190
137 181
117 160
16 152
42 29
29 442
91 39
218 188
578 853
609 340
104 654
54 136
272 233
621 405
557 280
84 158
382 23
48 47
562 99
825 841
389 19
162 256
711 242
26 19
291 319
693 359
23 122
30 51
96 303
16 598
54 121
128 217
85 7
667 412
497 64
674 685
153 143
29 2
419 236
6 99
6 15
649 90
350 53
399 542
16 12
61 614
615 584
124 95
38 15
71 287
14 34
2 58
571 458
13 176
95 574
104 221
26 516
765 251
586 849
532 278
149 112
89 87
21 2
7 10
560 698
53 538
145 235
15 138
71 317
96 246
425 52
36 656
349 387
241 182
311 342
373 495
830 183
5 6
374 338
109 415
627 759
197 97
260 597
209 40
467 786
83 288
357 143
819 706
235 741
784 464
106 499
398 142
539 658
371 602
63 790
137 15
618 190
143 34
299 431
52 57
112 69
236 486
47 8
186 8
57 300
23 10
379 45
489 671
18 64
804 582
337 332
674 336
184 103
374 746
391 308
3 132
46 188
749 129
